4.697245247857458139e+01
4.844494681337275210e+01
5.339768202450969170e+01
5.243264506892880661e+01
4.841186518723158372e+01
4.852510640548980803e+01
5.287325702956527351e+01
4.910496571364941332e+01
5.196427721315404824e+01
4.817732386131685018e+01
4.988127865588497656e+01
4.836123704546918134e+01
5.076367149025010406e+01
4.729580177500099580e+01
5.348349249905099612e+01
5.200572011407730599e+01
5.652162039347663836e+01
5.160741114265281482e+01
4.737720489657380085e+01
5.031090804990275700e+01
4.454381212162931547e+01
5.236753161438486615e+01
4.736112126401813072e+01
4.741185703326703305e+01
4.417865456847228245e+01
4.994221782744152449e+01
4.596879306926128805e+01
5.042507533564760536e+01
5.070052857667957369e+01
5.309827303436057377e+01
5.033416746177820045e+01
4.788501173066647709e+01
4.187417113224661591e+01
4.722023074795725250e+01
4.934166335545345561e+01
5.173650170054456510e+01
5.156028459167607991e+01
5.319627085461729621e+01
4.783715062014982777e+01
4.698307700201343096e+01
5.396253520765753819e+01
4.833306803349427128e+01
5.002197557683631146e+01
4.871551561368787020e+01
4.947720781074244911e+01
4.937338461640412390e+01
4.408492153652183276e+01
4.797381436294832469e+01
5.231489542995583975e+01
4.963131137643100033e+01
4.396930690976041944e+01
5.332712638641828562e+01
5.178946377287439162e+01
4.467780720323385424e+01
5.020783266740876627e+01
4.503944726211418725e+01
5.302694101028946250e+01
4.863407341199466316e+01
5.050814571466175096e+01
5.099377047035889632e+01
4.991582459202476230e+01
4.898139790696527029e+01
5.114559065353078182e+01
4.841670902545008914e+01
4.697136340500311746e+01
4.826182084914729131e+01
4.722713734819543419e+01
5.036424151938894056e+01
5.088047020587750069e+01
5.621291093649804793e+01
4.622570399668764196e+01
5.255463435253551552e+01
5.249186597378322716e+01
5.112670885648734043e+01
5.098673971129547056e+01
5.066382803333269891e+01
4.895145244058089418e+01
5.192024584775176521e+01
4.788734275119883677e+01
4.629222174563081893e+01
5.347406265966307615e+01
4.939490789653969927e+01
4.920334523533056625e+01
5.244265792640705115e+01
4.507394511276623916e+01
5.195083102474492875e+01
4.844835461412215949e+01
4.642062758393311128e+01
4.705296235022527185e+01
4.569335579579472295e+01
5.538576746550477026e+01
4.857282967569791765e+01
4.925411203728658904e+01
4.621552782351305666e+01
5.409948730148828133e+01
5.323187636139427070e+01
5.549133694457412957e+01
4.376285452070388260e+01
5.128491700199295877e+01
5.182251499531955119e+01
