2.413028987469958338e+03
2.419969113073469998e+03
2.203383895456839127e+03
2.664844047294948723e+03
2.695776286635896668e+03
2.521402852020371029e+03
2.306914400480734912e+03
2.481369689599421690e+03
2.655757401051623674e+03
2.454300225929467160e+03
2.673865407888453319e+03
2.478232669353131314e+03
2.632718808935406742e+03
2.525054545382003198e+03
2.227782729577776081e+03
2.516725606432760742e+03
2.609274563902286445e+03
2.513017887990336021e+03
2.407663263908927547e+03
2.466240445222893868e+03
2.644226711525916926e+03
2.584672991273138905e+03
2.278284653039067052e+03
2.241419453736835749e+03
2.445002880658565118e+03
2.672650622094363825e+03
2.407390855224267398e+03
2.674669975610572237e+03
2.486035976027398647e+03
2.336575651483846286e+03
2.588133829381877149e+03
2.384238194898862275e+03
2.336322621073335085e+03
2.568347373432679888e+03
2.328470868392903867e+03
2.724943751779475861e+03
2.329341170725579104e+03
2.351408831045463103e+03
2.651252611301252728e+03
2.566925778303505012e+03
2.493992859181302720e+03
2.449729420928351828e+03
2.622306167711696617e+03
2.554112773344107154e+03
2.409945385188222645e+03
2.342523644846492061e+03
2.569543706557162295e+03
2.415627698188629893e+03
2.624654286600511568e+03
2.674570602622526167e+03
2.402025517913315525e+03
2.591424880238703736e+03
2.294154811634122780e+03
2.561698714897244827e+03
2.688305568254692844e+03
2.614019855592180647e+03
2.562391251029310752e+03
2.528359707421083840e+03
2.621067358513175805e+03
2.359739005380510207e+03
2.334141984837146993e+03
2.379615286195276894e+03
2.604889485388166577e+03
2.532061010439684651e+03
2.520684517307853639e+03
2.469166503062309857e+03
2.463731091604010999e+03
2.279500468256369459e+03
2.400716474989403650e+03
2.442739483846984058e+03
2.500928664160031985e+03
2.520380850580529113e+03
2.640894540834641703e+03
2.395557421880389484e+03
2.671968223549374216e+03
2.604040991484566803e+03
2.641092831672897773e+03
2.420031634757012853e+03
2.555458464147316135e+03
2.496551264885464661e+03
2.782443862486175931e+03
2.658227580273933654e+03
2.248319177047995709e+03
2.385505720582574668e+03
2.395783644674802417e+03
2.471661619087351482e+03
2.766623208394253197e+03
2.542687220249658367e+03
2.325175428855879545e+03
2.474464059903415091e+03
2.506009128305118338e+03
2.445826128978885208e+03
2.574074245947997497e+03
2.304024738230054027e+03
2.462876027449287449e+03
2.688487665513674074e+03
2.526746838148187180e+03
2.592067220561282738e+03
2.464643606667302265e+03
2.256292133522193581e+03
